1. Random: elements generated randomly.
    [150]
    [-682, 771]
    [915, 95, 413, -915]
    [-933, 146, 234, 383, 435, -22, 214, -628]
    [-169, 776, 455, 924, 565, 536, 644, 203, -701, -418, -864, 517, 850, -741, 888, 824]
    [-91, -375, -55, -703, 485, 772, -656, -570, -833, 699, 396, -265, 355, 764, 205, -888, 28, 501, 441, -700, -248, 323, -40, 672, 215, 625, 492, -767, 274, 510, 16, 742]
    [175, 695, -795, 858, 849, 828, -465, -734, 417, 118, -144, 115, 98, -374, 58, -340, 714, 507, -297, -891, -606, 711, 537, 290, -23, -97, 286, -218, 264, -769, -332, 179, 60, 434, -392, 430, 819, -927, -226, -387, -264, -95, 538, -727, 893, -777, -295, 228, -781, -85, -115, -61, -50, -370, 938, 904, -1, 667, 722, 191, 323, 353, 661, -955]

2. Sorted: elements already in ascending order.
    [996]
    [-456, -371]
    [-948, -872, 568, 763]
    [-817, -767, -699, -616, -387, -340, -82, 376]
    [-963, -642, -569, -431, -389, -275, -241, 121, 439, 602, 731, 734, 787, 788, 862, 948]
    [-908, -899, -872, -800, -796, -728, -715, -578, -566, -534, -530, -442, -370, -296, -228, -227, -139, -68, 10, 32, 53, 66, 225, 317, 411, 426, 492, 559, 804, 913, 924, 970]
    [-992, -991, -949, -877, -869, -856, -847, -827, -742, -678, -651, -650, -613, -600, -570, -519, -513, -490, -478, -458, -418, -395, -393, -376, -373, -323, -227, -189, -188, -177, -165, -152, -150, -121, -95, -58, -35, 49, 130, 209, 239, 252, 271, 274, 278, 312, 350, 364, 372, 402, 434, 447, 515, 541, 547, 640, 650, 783, 788, 795, 805, 875, 902, 947]

3. Reverse-sorted: elements in descending order.
    [161]
    [817, -744]
    [398, 303, -86, -308]
    [645, 422, 249, 77, -234, -394, -504, -978]
    [957, 710, 709, 621, 591, 579, 438, 302, 276, 176, 155, 34, 23, -384, -456, -517]
    [972, 912, 743, 729, 696, 671, 543, 497, 425, 406, 298, 161, 46, -44, -105, -127, -260, -311, -312, -361, -425, -491, -514, -526, -638, -706, -736, -772, -845, -848, -931, -965]
    [994, 936, 911, 851, 824, 795, 794, 763, 630, 571, 548, 505, 497, 454, 444, 435, 342, 322, 287, 232, 188, 168, 152, 139, 123, 109, 51, 39, 19, 4, -24, -32, -49, -52, -62, -136, -179, -198, -213, -218, -223, -241, -273, -279, -299, -375, -407, -409, -415, -417, -452, -476, -484, -603, -610, -658, -687, -766, -882, -888, -916, -925, -933, -951]

4. Many duplicates: elements randomly selected from a small set of possible values. (1-4)
    [4]
    [3, 4]
    [3, 3, 3, 1]
    [3, 1, 2, 2, 3, 1, 1, 3]
    [2, 3, 3, 3, 3, 2, 4, 2, 3, 3, 3, 2, 3, 1, 3, 3]
    [4, 2, 2, 2, 3, 4, 1, 1, 1, 4, 1, 4, 1, 3, 1, 3, 1, 3, 2, 1, 3, 2, 4, 4, 4, 3, 2, 2, 4, 4, 1, 2]
    [2, 3, 4, 3, 1, 2, 2, 2, 3, 1, 3, 4, 4, 4, 2, 2, 4, 3, 3, 2, 4, 3, 1, 4, 4, 3, 4, 4, 1, 2, 4, 4, 4, 3, 4, 2, 4, 4, 3, 4, 3, 2, 2, 2, 1, 4, 2, 4, 4, 1, 4, 4, 2, 4, 4, 3, 3, 4, 4, 1, 4, 1, 2, 4]
        

5. Nearly sorted: begin with a sorted array and randomly perturb a small fraction of its elements.


6. One Additional

